927358
292357
231767
477816
5767325
6591213
348170
244777
79923
1125968
8318911
178325
1335851
419163
61212
179123
336859
6841333
7074
1789945
16956810
82831
38987
1628563
59895
826782
89228
2432764
359494
417142
9329446
215718
549
46155
273192
2765421
1144783
487258
161813
115983
38549
522563
952914
11828270
3737139
5189560
114543
22343224
176264
4456438
2389361
221294
67699
7244321
426258
14994391
2669690
134845
271526
105372
59838
176918
388242
2334712
671118
14415881
3294889
1338728
134882
586182
157944
363681
784929
13375357
11832914
1129216
4181861
679915
46898
638975
423379
57483
29482
8881291
16476924
1394797
6245570
415511
278192
1143796
728360
339923
7172784
215497
123198
121162
322715
684672
448271
5585779
613183
1986896
37937984
572549
263965
229551
285793
444798
3552461
52522565
195951
236129
8467424
1711631
1132941
4775722
1452721
53513
1357118
141088
5235142
171251
2530
9339429
34571
5195859
953481
48198
576169
23569441
166221
332289
739654
14494747
47981
2785485
1186535
818255
596351
287871
9537392
312443
24319662
21593
5515310
21947452
592620
5223
824349
19578796
4351521
9834689
466345
24958140
5137497
152975
247621
151777
37576685
574594
1825585
332872
11346283
1139762
18875674
11277432
918886
793858
3855127
3987683
12859942
8865458
6343166
492994
72899
17666249
4366730
1128723
894860
1575141
285177
2647867
387453
663171
2189452
78536
5947742
21553353
1552340
3796927
949314
1587846
7229885
1414365
136035
37628
6127328
1146973
1643227
6827752
6797984
5874652
4172722
192249
68645
5963269
2816715
987142
952924
35942754
8547778
4959975
5654447
618535
3437786
2145590
235839
799981
125319
493386
2594829
472906
89332
2706500
3512471
194852
71323
541487
4383571
769683
8312459
3279543
822811
4651437
5466451
5113374
3577641
3295496
657447
40730
943398
948135
455612
242813
1133770
5266152
9229645
3572463
1712227
37233735
489340
1946426
11269256
6877727
9
151969
2532729
1951742
572897
17563726
6319146
627435
137975
1732348
9371238
17846529
12481639
3746725
151005
97197
2793150
1425892
23935141
2641347
375913
13411544
8511281
2518127
791959
169511
5844672
541966
1987926
7364150
997482
6237295
2862590
4459379
767486
22342854
17157721
936249
493819
886955
2496710
9573244
3961217
9794985
1353684
519520
33923
7726949
2155930
38892771
957537
4823468
11369375
692246
17683458
735975
446594
954560
1521462
448919
2287440
1358540
4421633
446835
9463318
359424
452859
3514784
729692
588866
41573587
224664
73319
1646698
22876978
2364147
3481828
12694530
18641899
38138100
1279957
876239
15182496
5188320
3331353
1584370
6482377
4660142
338436
12179271
538060
455338
982677
5226311
49547
9899372
436411
8898925
15772134
2928584
983030
17982111
37364973
6565357
4526273
12943819
12051
653714
175739
5411538
646628
921789
1459150
1126726
298725
152580
21692646
12573816
135448
15943769
2342579
25969
3177733
63447
5725296
1817792
12135518
7677736
4935632
338156
541390
1184624
449541
326390
1319615
1143262
133925
5772192
7131670
7273338
3397113
13789618
391483
11451535
85190
8447
972307
523643
1291942
14551194
979975
6771258
67631
2257441
11177954
2264428
432493
16481379
21692193
313893
17271319
1251999
6217156
11285613
55984
44965
49925
979256
144283
3239598
4849652
9314534
11
4696499
867916
582336
1557571
371328
396145
1213430
9622163
7892334
8928403
7147270
2391679
18746929
1895476
79165
36827659
295579
7943751
521298
6163683
311165
1534210
6313126
14675913
8845186
31254725
81991
847185
3309188
678236
44834
3895478
325933
6658313
961632
661561
8923114
281264
4259996
755685
1293330
301371
14132789
5311334
761194
4955635
476436
3394835
1747817
5473
2939914
768431
6912584
2727167
13148429
3327312
1463340
141525
2885173
1299871
8933237
2835559
948354
69913
16981921
1986386
75980
596467
1471994
1676632
2276572
9942594
14667713
2846653
7837456
1296646
343646
9033
112396
8981194
4482686
3127429
295104
6839398
3352664
5761960
418896
2514445
372865
1776915
4592493
2421388
456211
3561381
35594987
276927
119506
3593420
3482742
1866794
312230
179713
35763730
153724
17236796
16754643
4015324
1711
15852122
489258
155188
667781
14922562
6919121
5926672
3197413
29968499
4797534
2418473
5142418
3949876
1607336
18216991
226976
234564
6637882
1135245
154862
1181575
585945
356578
7585435
6212219
79126
7961363
3338126
167576
68775869
477572
8839753
13751
2441290
1857244
94591
7696924
1374126
492558
1952464
1223354
16736856
3776117
26551
14455293
2953646
966225
18932
2465921
748175
1100260
289727
13413590
498970
4162749
572547
37538
11618898
689746
4261133
268490
16955980
565620
268272
82875
12516937
73663
19884295
291813
42648
7929369
1458724
16621738
122327
53162
279170
273695
7653483
4795385
134934
3954438
2682745
2563632
9689793
448981
2429511
133310
19482970
958949
332422
843277
11583562
1586560
22682870
2845731
254514
3459287
3387427
1678122
8369219
316265
1483429
6269765
29972396
15551779
4228356
1764263
223918
1878974
31354559
533631
13733719
4893953
1921421
9343594
3955229
3768895
2998215
196684
12555323
2941189
1313120
5369682
34510
1611215
2753956
8939977
4009013
227459
3548453
2717480
232535
44493378
3277367
2784514
11875770
1187518
22575662
7325278
11743160
1344221
2353818
2143956
1251636
372885
369758
24342886
12769982
9483757
8217419
3133243
2452226
499591
2114111
129677
22358
749544
1419623
359788
3825990
2232
13964155
11381673
4212861
2142535
88235
1155617
8384737
54585
14352290
5159185
4382178
43021
1759352
191881
16819222
32780315
438146
16100
123999
4616694
2784183
18153234
9847564
47824
886221
2342826
354883
5374311
34353220
332365
42273853
16142
23735149
2876616
39632667
6201529
53664
7792652
2569459
2115758
885414
69692842
1185524
7571635
5797852
13343566
739993
473282
146452
21814825
11563638
5999998
56860
43574426
3462143
7335420
825748
3875184
386294
6182315
1517582
932653
6495898
217776
4824590
2487747
27885397
14262433
27928372
5161951
22891211
2349991
1967370
5612787
224732
3899627
6293588
2276271
3853767
171550
3142495
2793324
7124914
847066
7975556
937313
219585
12897374
28459418
91362
1196991
6441218
2221658
604831
1912434
6939864
5195452
4191386
2734270
1226714
715417
36932
35424367
626759
5618878
3898572
118884
10855
294250
255898
27928
2917175
5327495
3527856
32461229
1218390
1003275
43871637
15112584
4361553
24853
19695784
238980
172587
2243824
2165665
5755942
1669190
54867
534839
33533148
793571
11922383
2419566
1549146
9679776
837488
6158933
35269179
24618829
246930
441147
152457
1139160
36795819
988228
92396
1197928
17596543
11269338
3528245
2474353
3682748
22676
21194934
1323410
18365315
3586775
8352851
5828324
1532461
273313
415953
1381725
469357
48239
1517635
1371261
173919
82256
14324451
17678881
5963669
12257110
5248183
12453580
5971312
29285897
2172352
31548311
4468361
10679214
2472254
881515
3665115
1552749
221925
2577174
743164
218760
7342597
35411423
18496940
6654958
1497958
729197
779379
42796887
2671496
14637979
4862178
437589
8499633
2889777
1838873
347949
19622198
4535298
4744751
12289853
1777854
1361340
446892
32723111
9847580
356950
26245139
5989592
22252472
4148499
2528111
941594
538996
123559
16923281
6217378
582185
24885223
3964681
1571648
12622424
175415
3773857
2739376
858181
799446
247770
11489428
2485466
62653114
6565471
454734
2816369
228783
32551291
6349421
5481539
4331189
457927
2619598
31684375
1485841
247483
9157138
148747
79461
2392766
9733638
572768
81584
3961859
159521
5726729
767147
635937
541954
251464
783811
168736
161738
159720
2223882
3158730
3413470
39476
4426663
529424
5816688
3647685
5665915
19234831
193780
19331497
8659382
2176922
51520
185899
105770
3654295
1249531
189559
42939454
11919391
388464
3745515
114983
4216745
28329382
5915992
1675351
299628
3876977
411752
5471174
